data1=[1739.94	1675.15	2395.96
373.3	3087.05	2429.47
1756.77	1652	1514.98
864.45	1647.31	2665.9
222.85	3059.54	2002.33
877.88	2031.66	3071.18
1803.58	1583.12	2163.05
2352.12	2557.04	1411.53
401.3	3259.94	2150.98
363.34	3477.95	2462.86
1571.17	1731.04	1735.33
104.8	3389.83	2421.83
499.85	3305.75	2196.22
2297.28	3340.14	535.62
2092.62	3177.21	584.32
1418.79	1775.89	2772.9
1845.59	1918.81	2226.49
2205.36	3243.74	1202.69
2949.16	3244.44	662.42
1692.62	1867.5	2108.97
1680.67	1575.78	1725.1
2802.88	3017.11	1984.98
172.78	3084.49	2328.65
2063.54	3199.76	1257.21
1449.58	1641.58	3405.12
1651.52	1713.28	1570.38
341.59	3076.62	2438.63
291.02	3095.68	2088.95
237.63	3077.78	2251.96
1702.8	1639.79	2068.74
1877.93	1860.96	1975.3
867.81	2334.68	2535.1
1831.49	1713.11	1604.68
460.69	3274.77	2172.99
2374.98	3346.98	975.31
2271.89	3482.97	946.7
1783.64	1597.99	2261.31
198.83	3250.45	2445.08
1494.63	2072.59	2550.51
1597.03	1921.52	2126.76
1598.93	1921.08	1623.33
1243.13	1814.07	3441.07
2336.31	2640.26	1599.63
354	3300.12	2373.61
2144.47	2501.62	591.51
426.31	3105.29	2057.8
1507.13	1556.89	1954.51
343.07	3271.72	2036.94
2201.94	3196.22	935.53
2232.43	3077.87	1298.87
1580.1	1752.07	2463.04
1962.4	1594.97	1835.95
1495.18	1957.44	3498.02
1125.17	1594.39	2937.73
24.22	3447.31	2145.01
1269.07	1910.72	2701.97
1802.07	1725.81	1966.35
1817.36	1927.4	2328.79
1860.45	1782.88	1875.13];

dataf=[
    2232.43	3077.87	1298.87
    1580.1	1752.07	2463.04
    1962.4	1594.97	1835.95
    1495.18	1957.44	3498.02
    1125.17	1594.39	2937.73
    24.22	3447.31	2145.01
    1269.07	1910.72	2701.97
    1802.07	1725.81	1966.35
    1817.36	1927.4	2328.79
    1860.45	1782.88	1875.13
    1237.91	2055.13	3405.09
    688.94	2104.72	3198.51
    1675.65	1747.23	1580.39
    1806.02	1810.19	2191.12
    74.56	3288.02	2433.87
    307.35	3363.84	2021.61
    1988.27	1657.51	2069.2
    2173.92	2608.55	1803.57
    372.16	3077.44	2163.46
    576.6	2140.98	3320
    1724.13	1704.49	1798.75
    2501.21	2652.65	984.56
    1656.94	1913.34	2459.07
    362.51	3150.03	2472
    565.74	2284.97	3024.58
    1978.06	1536.13	2375.64
    1661.06	1552.4	2005.05
    790.29	2419.98	3051.16
    1557.27	1746.27	1879.13
    2793.36	3009.26	1073.55
    1766.08	1803.14	1895.18
    1207.88	1600.62	3123.07
    245.75	3373.67	2248.45
    2785.36	3052.81	1035.65
    315.42	3088.29	2187.12
    1243.28	2451.72	3111.99
    829.84	1555.91	3139.21
    1347.07	2364.31	3096.88
    1926.98	1507.34	1626.47
    1808.57	1608.78	1565.95
    1124.1	1840.98	2819.41
    2661	3302.39	1710.32
    1805.55	1899.09	2400.6
    1130.18	1902.42	2753.7
    1355.19	1566.16	2927.81
    1651.14	1774.03	1725.56
    2110.63	3308.04	702.06
    2788.11	3395.23	1684.45
    1807.61	1680.56	2356.65
    1363.58	1729.44	2749.55
    1992.42	1526.9	1581.42];
